{
 "cells": [
  {
   "cell_type": "code",
   "execution_count": 81,
   "id": "1cb20ce7",
   "metadata": {},
   "outputs": [],
   "source": [
    "import pandas as pd\n",
    "import numpy as np\n",
    "np.set_printoptions(linewidth=1000)"
   ]
  },
  {
   "cell_type": "code",
   "execution_count": 98,
   "id": "95e93062",
   "metadata": {},
   "outputs": [],
   "source": [
    "df = pd.read_csv('movie_reviews.csv', index_col=0)"
   ]
  },
  {
   "cell_type": "code",
   "execution_count": 99,
   "id": "1b99c277",
   "metadata": {},
   "outputs": [
    {
     "data": {
      "text/html": [
       "<div>\n",
       "<style scoped>\n",
       "    .dataframe tbody tr th:only-of-type {\n",
       "        vertical-align: middle;\n",
       "    }\n",
       "\n",
       "    .dataframe tbody tr th {\n",
       "        vertical-align: top;\n",
       "    }\n",
       "\n",
       "    .dataframe thead th {\n",
       "        text-align: right;\n",
       "    }\n",
       "</style>\n",
       "<table border=\"1\" class=\"dataframe\">\n",
       "  <thead>\n",
       "    <tr style=\"text-align: right;\">\n",
       "      <th></th>\n",
       "      <th>Matrix</th>\n",
       "      <th>Inception</th>\n",
       "      <th>Harry Potter</th>\n",
       "      <th>Sholay</th>\n",
       "      <th>Titanic</th>\n",
       "      <th>Hangover</th>\n",
       "      <th>Sarfarosh</th>\n",
       "      <th>Joker</th>\n",
       "      <th>Bahubali</th>\n",
       "      <th>Jab We Met</th>\n",
       "    </tr>\n",
       "  </thead>\n",
       "  <tbody>\n",
       "    <tr>\n",
       "      <th>Sandeep Giri</th>\n",
       "      <td>9</td>\n",
       "      <td>7</td>\n",
       "      <td>6.5</td>\n",
       "      <td>6</td>\n",
       "      <td>8</td>\n",
       "      <td>6</td>\n",
       "      <td>7</td>\n",
       "      <td>7.0</td>\n",
       "      <td>7.0</td>\n",
       "      <td>6.5</td>\n",
       "    </tr>\n",
       "    <tr>\n",
       "      <th>GK</th>\n",
       "      <td>8</td>\n",
       "      <td>9</td>\n",
       "      <td>8.0</td>\n",
       "      <td>5</td>\n",
       "      <td>6</td>\n",
       "      <td>8</td>\n",
       "      <td>3</td>\n",
       "      <td>0.0</td>\n",
       "      <td>4.0</td>\n",
       "      <td>5.0</td>\n",
       "    </tr>\n",
       "    <tr>\n",
       "      <th>sneha</th>\n",
       "      <td>7</td>\n",
       "      <td>7</td>\n",
       "      <td>5.0</td>\n",
       "      <td>7</td>\n",
       "      <td>8</td>\n",
       "      <td>5</td>\n",
       "      <td>9</td>\n",
       "      <td>6.0</td>\n",
       "      <td>7.0</td>\n",
       "      <td>9.0</td>\n",
       "    </tr>\n",
       "    <tr>\n",
       "      <th>Deep</th>\n",
       "      <td>8</td>\n",
       "      <td>7</td>\n",
       "      <td>9.0</td>\n",
       "      <td>6</td>\n",
       "      <td>6</td>\n",
       "      <td>8</td>\n",
       "      <td>4</td>\n",
       "      <td>8.0</td>\n",
       "      <td>6.0</td>\n",
       "      <td>5.0</td>\n",
       "    </tr>\n",
       "    <tr>\n",
       "      <th>Tanya</th>\n",
       "      <td>9</td>\n",
       "      <td>5</td>\n",
       "      <td>9.5</td>\n",
       "      <td>5</td>\n",
       "      <td>5</td>\n",
       "      <td>5</td>\n",
       "      <td>5</td>\n",
       "      <td>5.0</td>\n",
       "      <td>7.5</td>\n",
       "      <td>7.0</td>\n",
       "    </tr>\n",
       "  </tbody>\n",
       "</table>\n",
       "</div>"
      ],
      "text/plain": [
       "              Matrix  Inception  Harry Potter  Sholay  Titanic  Hangover  \\\n",
       "Sandeep Giri       9          7           6.5       6        8         6   \n",
       "GK                 8          9           8.0       5        6         8   \n",
       "sneha              7          7           5.0       7        8         5   \n",
       "Deep               8          7           9.0       6        6         8   \n",
       "Tanya              9          5           9.5       5        5         5   \n",
       "\n",
       "              Sarfarosh  Joker  Bahubali  Jab We Met  \n",
       "Sandeep Giri          7    7.0       7.0         6.5  \n",
       "GK                    3    0.0       4.0         5.0  \n",
       "sneha                 9    6.0       7.0         9.0  \n",
       "Deep                  4    8.0       6.0         5.0  \n",
       "Tanya                 5    5.0       7.5         7.0  "
      ]
     },
     "execution_count": 99,
     "metadata": {},
     "output_type": "execute_result"
    }
   ],
   "source": [
    "# load csv with column headers and row headers\n",
    "df.head()"
   ]
  },
  {
   "cell_type": "code",
   "execution_count": 100,
   "id": "5b251078",
   "metadata": {},
   "outputs": [
    {
     "data": {
      "text/plain": [
       "Matrix          8.0\n",
       "Inception       9.0\n",
       "Harry Potter    8.0\n",
       "Sholay          5.0\n",
       "Titanic         6.0\n",
       "Hangover        8.0\n",
       "Sarfarosh       3.0\n",
       "Joker           0.0\n",
       "Bahubali        4.0\n",
       "Jab We Met      5.0\n",
       "Name: GK, dtype: float64"
      ]
     },
     "execution_count": 100,
     "metadata": {},
     "output_type": "execute_result"
    }
   ],
   "source": [
    "df.loc['GK']"
   ]
  },
  {
   "cell_type": "code",
   "execution_count": 101,
   "id": "fddba022",
   "metadata": {},
   "outputs": [
    {
     "data": {
      "text/plain": [
       "Sandeep Giri    9\n",
       "GK              8\n",
       "sneha           7\n",
       "Deep            8\n",
       "Tanya           9\n",
       "Nigam           6\n",
       "Supriya         8\n",
       "Indu            6\n",
       "Simar           6\n",
       "Anubhav         8\n",
       "Name: Matrix, dtype: int64"
      ]
     },
     "execution_count": 101,
     "metadata": {},
     "output_type": "execute_result"
    }
   ],
   "source": [
    "df['Matrix']"
   ]
  },
  {
   "cell_type": "code",
   "execution_count": 102,
   "id": "390dc350",
   "metadata": {},
   "outputs": [],
   "source": [
    "data = df.to_numpy()"
   ]
  },
  {
   "cell_type": "code",
   "execution_count": 12,
   "id": "6b9732c6",
   "metadata": {},
   "outputs": [
    {
     "data": {
      "text/plain": [
       "(10, 10)"
      ]
     },
     "execution_count": 12,
     "metadata": {},
     "output_type": "execute_result"
    }
   ],
   "source": [
    "data.shape"
   ]
  },
  {
   "cell_type": "code",
   "execution_count": 13,
   "id": "7d6fdbca",
   "metadata": {},
   "outputs": [
    {
     "data": {
      "text/plain": [
       "array([9. , 7. , 6.5, 6. , 8. , 6. , 7. , 7. , 7. , 6.5])"
      ]
     },
     "execution_count": 13,
     "metadata": {},
     "output_type": "execute_result"
    }
   ],
   "source": [
    "data[0]"
   ]
  },
  {
   "cell_type": "code",
   "execution_count": 14,
   "id": "a01a77e4",
   "metadata": {},
   "outputs": [
    {
     "data": {
      "text/plain": [
       "array([8., 9., 8., 5., 6., 8., 3., 0., 4., 5.])"
      ]
     },
     "execution_count": 14,
     "metadata": {},
     "output_type": "execute_result"
    }
   ],
   "source": [
    "data[1]"
   ]
  },
  {
   "cell_type": "code",
   "execution_count": null,
   "id": "06d87d66",
   "metadata": {},
   "outputs": [],
   "source": [
    "# data = data[1:]"
   ]
  },
  {
   "cell_type": "code",
   "execution_count": 24,
   "id": "9dead1e8",
   "metadata": {},
   "outputs": [
    {
     "data": {
      "text/plain": [
       "(9, 10)"
      ]
     },
     "execution_count": 24,
     "metadata": {},
     "output_type": "execute_result"
    }
   ],
   "source": [
    "data.shape"
   ]
  },
  {
   "cell_type": "code",
   "execution_count": 103,
   "id": "1669a511",
   "metadata": {},
   "outputs": [
    {
     "data": {
      "text/plain": [
       "array([[9. , 7. , 6.5, 6. , 8. , 6. , 7. , 7. , 7. , 6.5],\n",
       "       [8. , 9. , 8. , 5. , 6. , 8. , 3. , 0. , 4. , 5. ],\n",
       "       [7. , 7. , 5. , 7. , 8. , 5. , 9. , 6. , 7. , 9. ],\n",
       "       [8. , 7. , 9. , 6. , 6. , 8. , 4. , 8. , 6. , 5. ],\n",
       "       [9. , 5. , 9.5, 5. , 5. , 5. , 5. , 5. , 7.5, 7. ],\n",
       "       [6. , 5. , 5. , 9. , 7. , 6. , 7. , 6. , 9. , 9. ],\n",
       "       [8. , 9. , 9. , 5. , 7. , 7. , 7. , 0. , 8. , 8. ],\n",
       "       [6. , 9. , 9. , 5. , 9. , 4. , 4. , 8. , 9. , 6. ],\n",
       "       [6. , 8. , 8. , 9. , 9. , 5. , 9. , 7.2, 9. , 9. ],\n",
       "       [8. , 8. , 8. , 6. , 6. , 6. , 7. , 8. , 8. , 6. ]])"
      ]
     },
     "execution_count": 103,
     "metadata": {},
     "output_type": "execute_result"
    }
   ],
   "source": [
    "data"
   ]
  },
  {
   "cell_type": "code",
   "execution_count": 104,
   "id": "e58b77e9",
   "metadata": {},
   "outputs": [
    {
     "data": {
      "text/plain": [
       "array([22.30470802, 19.59591794, 22.53885534, 21.70253441, 20.65187643, 22.3383079 , 22.93468988, 22.737634  , 25.4133823 , 22.64950331])"
      ]
     },
     "execution_count": 104,
     "metadata": {},
     "output_type": "execute_result"
    }
   ],
   "source": [
    "vnorms = np.linalg.vector_norm(data, axis=1)\n",
    "vnorms"
   ]
  },
  {
   "cell_type": "code",
   "execution_count": 105,
   "id": "576d2c9b",
   "metadata": {},
   "outputs": [
    {
     "data": {
      "text/plain": [
       "array([[9. , 7. , 6.5, 6. , 8. , 6. , 7. , 7. , 7. , 6.5],\n",
       "       [8. , 9. , 8. , 5. , 6. , 8. , 3. , 0. , 4. , 5. ],\n",
       "       [7. , 7. , 5. , 7. , 8. , 5. , 9. , 6. , 7. , 9. ],\n",
       "       [8. , 7. , 9. , 6. , 6. , 8. , 4. , 8. , 6. , 5. ],\n",
       "       [9. , 5. , 9.5, 5. , 5. , 5. , 5. , 5. , 7.5, 7. ],\n",
       "       [6. , 5. , 5. , 9. , 7. , 6. , 7. , 6. , 9. , 9. ],\n",
       "       [8. , 9. , 9. , 5. , 7. , 7. , 7. , 0. , 8. , 8. ],\n",
       "       [6. , 9. , 9. , 5. , 9. , 4. , 4. , 8. , 9. , 6. ],\n",
       "       [6. , 8. , 8. , 9. , 9. , 5. , 9. , 7.2, 9. , 9. ],\n",
       "       [8. , 8. , 8. , 6. , 6. , 6. , 7. , 8. , 8. , 6. ]])"
      ]
     },
     "execution_count": 105,
     "metadata": {},
     "output_type": "execute_result"
    }
   ],
   "source": [
    "data "
   ]
  },
  {
   "cell_type": "code",
   "execution_count": 106,
   "id": "1e958c79",
   "metadata": {},
   "outputs": [
    {
     "data": {
      "text/plain": [
       "array([2.23606798, 5.        , 9.21954446])"
      ]
     },
     "execution_count": 106,
     "metadata": {},
     "output_type": "execute_result"
    }
   ],
   "source": [
    "arr = np.array([[1,2], [3, 4], [6, 7]]) \n",
    "vnorm = np.linalg.norm(arr, axis=1)\n",
    "vnorm\n"
   ]
  },
  {
   "cell_type": "code",
   "execution_count": 45,
   "id": "d14906b7",
   "metadata": {},
   "outputs": [],
   "source": [
    "vnorm = vnorm.reshape(-1, 1)"
   ]
  },
  {
   "cell_type": "code",
   "execution_count": 44,
   "id": "b55db5c1",
   "metadata": {},
   "outputs": [
    {
     "data": {
      "text/plain": [
       "array([[2.23606798],\n",
       "       [5.        ],\n",
       "       [9.21954446]])"
      ]
     },
     "execution_count": 44,
     "metadata": {},
     "output_type": "execute_result"
    }
   ],
   "source": [
    "vnorm"
   ]
  },
  {
   "cell_type": "code",
   "execution_count": 39,
   "id": "a683bc25",
   "metadata": {},
   "outputs": [
    {
     "data": {
      "text/plain": [
       "array([[0.4472136 , 0.89442719],\n",
       "       [0.6       , 0.8       ],\n",
       "       [0.65079137, 0.7592566 ]])"
      ]
     },
     "execution_count": 39,
     "metadata": {},
     "output_type": "execute_result"
    }
   ],
   "source": [
    "arr / vnorm"
   ]
  },
  {
   "cell_type": "code",
   "execution_count": 107,
   "id": "4cf6c07a",
   "metadata": {},
   "outputs": [],
   "source": [
    "def to_uv(v):\n",
    "    vnorm = np.linalg.norm(v, axis=1)\n",
    "    vnorm = vnorm.reshape(-1, 1)\n",
    "    return v / vnorm"
   ]
  },
  {
   "cell_type": "code",
   "execution_count": 108,
   "id": "2402a722",
   "metadata": {},
   "outputs": [],
   "source": [
    "udata = to_uv(data)"
   ]
  },
  {
   "cell_type": "code",
   "execution_count": 109,
   "id": "1f79cf0f",
   "metadata": {},
   "outputs": [
    {
     "data": {
      "text/plain": [
       "array([[0.40350226, 0.31383509, 0.2914183 , 0.2690015 , 0.35866867, 0.2690015 , 0.31383509, 0.31383509, 0.31383509, 0.2914183 ],\n",
       "       [0.40824829, 0.45927933, 0.40824829, 0.25515518, 0.30618622, 0.40824829, 0.15309311, 0.        , 0.20412415, 0.25515518],\n",
       "       [0.31057478, 0.31057478, 0.22183913, 0.31057478, 0.3549426 , 0.22183913, 0.39931043, 0.26620695, 0.31057478, 0.39931043],\n",
       "       [0.36862054, 0.32254297, 0.41469811, 0.27646541, 0.27646541, 0.36862054, 0.18431027, 0.36862054, 0.27646541, 0.23038784],\n",
       "       [0.43579575, 0.24210875, 0.46000663, 0.24210875, 0.24210875, 0.24210875, 0.24210875, 0.24210875, 0.36316313, 0.33895225],\n",
       "       [0.26859689, 0.22383074, 0.22383074, 0.40289533, 0.31336304, 0.26859689, 0.31336304, 0.26859689, 0.40289533, 0.40289533],\n",
       "       [0.34881658, 0.39241865, 0.39241865, 0.21801036, 0.3052145 , 0.3052145 , 0.3052145 , 0.        , 0.34881658, 0.34881658],\n",
       "       [0.2638797 , 0.39581955, 0.39581955, 0.21989975, 0.39581955, 0.1759198 , 0.1759198 , 0.3518396 , 0.39581955, 0.2638797 ],\n",
       "       [0.23609608, 0.31479478, 0.31479478, 0.35414412, 0.35414412, 0.19674674, 0.35414412, 0.2833153 , 0.35414412, 0.35414412],\n",
       "       [0.35320863, 0.35320863, 0.35320863, 0.26490647, 0.26490647, 0.26490647, 0.30905755, 0.35320863, 0.35320863, 0.26490647]])"
      ]
     },
     "execution_count": 109,
     "metadata": {},
     "output_type": "execute_result"
    }
   ],
   "source": [
    "udata"
   ]
  },
  {
   "cell_type": "code",
   "execution_count": 56,
   "id": "bc51a5b6",
   "metadata": {},
   "outputs": [
    {
     "data": {
      "text/plain": [
       "array([[8. , 9. , 8. , 5. , 6. , 8. , 3. , 0. , 4. , 5. ],\n",
       "       [7. , 7. , 5. , 7. , 8. , 5. , 9. , 6. , 7. , 9. ],\n",
       "       [8. , 7. , 9. , 6. , 6. , 8. , 4. , 8. , 6. , 5. ],\n",
       "       [9. , 5. , 9.5, 5. , 5. , 5. , 5. , 5. , 7.5, 7. ],\n",
       "       [6. , 5. , 5. , 9. , 7. , 6. , 7. , 6. , 9. , 9. ],\n",
       "       [8. , 9. , 9. , 5. , 7. , 7. , 7. , 0. , 8. , 8. ],\n",
       "       [6. , 9. , 9. , 5. , 9. , 4. , 4. , 8. , 9. , 6. ],\n",
       "       [6. , 8. , 8. , 9. , 9. , 5. , 9. , 7.2, 9. , 9. ],\n",
       "       [8. , 8. , 8. , 6. , 6. , 6. , 7. , 8. , 8. , 6. ]])"
      ]
     },
     "execution_count": 56,
     "metadata": {},
     "output_type": "execute_result"
    }
   ],
   "source": [
    "data"
   ]
  },
  {
   "cell_type": "code",
   "execution_count": 57,
   "id": "72d0351f",
   "metadata": {},
   "outputs": [
    {
     "data": {
      "text/plain": [
       "array([[0.40824829, 0.45927933, 0.40824829, 0.25515518, 0.30618622,\n",
       "        0.40824829, 0.15309311, 0.        , 0.20412415, 0.25515518],\n",
       "       [0.31057478, 0.31057478, 0.22183913, 0.31057478, 0.3549426 ,\n",
       "        0.22183913, 0.39931043, 0.26620695, 0.31057478, 0.39931043],\n",
       "       [0.36862054, 0.32254297, 0.41469811, 0.27646541, 0.27646541,\n",
       "        0.36862054, 0.18431027, 0.36862054, 0.27646541, 0.23038784],\n",
       "       [0.43579575, 0.24210875, 0.46000663, 0.24210875, 0.24210875,\n",
       "        0.24210875, 0.24210875, 0.24210875, 0.36316313, 0.33895225],\n",
       "       [0.26859689, 0.22383074, 0.22383074, 0.40289533, 0.31336304,\n",
       "        0.26859689, 0.31336304, 0.26859689, 0.40289533, 0.40289533],\n",
       "       [0.34881658, 0.39241865, 0.39241865, 0.21801036, 0.3052145 ,\n",
       "        0.3052145 , 0.3052145 , 0.        , 0.34881658, 0.34881658],\n",
       "       [0.2638797 , 0.39581955, 0.39581955, 0.21989975, 0.39581955,\n",
       "        0.1759198 , 0.1759198 , 0.3518396 , 0.39581955, 0.2638797 ],\n",
       "       [0.23609608, 0.31479478, 0.31479478, 0.35414412, 0.35414412,\n",
       "        0.19674674, 0.35414412, 0.2833153 , 0.35414412, 0.35414412],\n",
       "       [0.35320863, 0.35320863, 0.35320863, 0.26490647, 0.26490647,\n",
       "        0.26490647, 0.30905755, 0.35320863, 0.35320863, 0.26490647]])"
      ]
     },
     "execution_count": 57,
     "metadata": {},
     "output_type": "execute_result"
    }
   ],
   "source": [
    "udata"
   ]
  },
  {
   "cell_type": "code",
   "execution_count": 110,
   "id": "8672f23b",
   "metadata": {},
   "outputs": [
    {
     "name": "stderr",
     "output_type": "stream",
     "text": [
      "/var/folders/xg/0b5tly_55_v3g39k5qx0jc580000gn/T/ipykernel_54119/1890260315.py:1: RuntimeWarning: divide by zero encountered in matmul\n",
      "  sim_mat = udata @ udata.T\n",
      "/var/folders/xg/0b5tly_55_v3g39k5qx0jc580000gn/T/ipykernel_54119/1890260315.py:1: RuntimeWarning: overflow encountered in matmul\n",
      "  sim_mat = udata @ udata.T\n",
      "/var/folders/xg/0b5tly_55_v3g39k5qx0jc580000gn/T/ipykernel_54119/1890260315.py:1: RuntimeWarning: invalid value encountered in matmul\n",
      "  sim_mat = udata @ udata.T\n"
     ]
    }
   ],
   "source": [
    "sim_mat = udata @ udata.T"
   ]
  },
  {
   "cell_type": "code",
   "execution_count": 66,
   "id": "f53ed49c",
   "metadata": {},
   "outputs": [],
   "source": [
    "from pprint import pprint"
   ]
  },
  {
   "cell_type": "code",
   "execution_count": 111,
   "id": "07102a92",
   "metadata": {},
   "outputs": [
    {
     "name": "stdout",
     "output_type": "stream",
     "text": [
      "array([[1.        , 0.90257823, 0.98066013, 0.97093658, 0.96768786, 0.96337289, 0.93538958, 0.96124215, 0.97541084, 0.98972554],\n",
      "       [0.90257823, 1.        , 0.86489999, 0.91704055, 0.90933245, 0.84525128, 0.96345051, 0.87529354, 0.86546436, 0.89447089],\n",
      "       [0.98066013, 0.86489999, 1.        , 0.92200703, 0.93668834, 0.98117126, 0.93050851, 0.93271888, 0.98849742, 0.96573146],\n",
      "       [0.97093658, 0.91704055, 0.92200703, 1.        , 0.96497517, 0.9220337 , 0.908103  , 0.95650286, 0.93665893, 0.98056842],\n",
      "       [0.96768786, 0.90933245, 0.93668834, 0.96497517, 1.        , 0.93642706, 0.94691295, 0.94553624, 0.94601335, 0.97273198],\n",
      "       [0.96337289, 0.84525128, 0.98117126, 0.9220337 , 0.93642706, 1.        , 0.91153581, 0.92337327, 0.98327974, 0.95463681],\n",
      "       [0.93538958, 0.96345051, 0.93050851, 0.908103  , 0.94691295, 0.91153581, 1.        , 0.90895043, 0.92991648, 0.92981292],\n",
      "       [0.96124215, 0.87529354, 0.93271888, 0.95650286, 0.94553624, 0.92337327, 0.90895043, 1.        , 0.95978095, 0.97088111],\n",
      "       [0.97541084, 0.86546436, 0.98849742, 0.93665893, 0.94601335, 0.98327974, 0.92991648, 0.95978095, 1.        , 0.97393941],\n",
      "       [0.98972554, 0.89447089, 0.96573146, 0.98056842, 0.97273198, 0.95463681, 0.92981292, 0.97088111, 0.97393941, 1.        ]])\n"
     ]
    }
   ],
   "source": [
    "pprint(sim_mat)"
   ]
  },
  {
   "cell_type": "code",
   "execution_count": 68,
   "id": "b03c170d",
   "metadata": {},
   "outputs": [
    {
     "data": {
      "text/plain": [
       "(np.float64(0.8648999949776485), np.float64(0.8648999949776485))"
      ]
     },
     "execution_count": 68,
     "metadata": {},
     "output_type": "execute_result"
    }
   ],
   "source": [
    "sim_mat[0][1], sim_mat[1][0]"
   ]
  },
  {
   "cell_type": "code",
   "execution_count": 112,
   "id": "e892c417",
   "metadata": {},
   "outputs": [],
   "source": [
    "np.fill_diagonal(sim_mat, 0)\n"
   ]
  },
  {
   "cell_type": "code",
   "execution_count": 113,
   "id": "02ca6ee4",
   "metadata": {},
   "outputs": [
    {
     "data": {
      "text/plain": [
       "array([[0.        , 0.90257823, 0.98066013, 0.97093658, 0.96768786, 0.96337289, 0.93538958, 0.96124215, 0.97541084, 0.98972554],\n",
       "       [0.90257823, 0.        , 0.86489999, 0.91704055, 0.90933245, 0.84525128, 0.96345051, 0.87529354, 0.86546436, 0.89447089],\n",
       "       [0.98066013, 0.86489999, 0.        , 0.92200703, 0.93668834, 0.98117126, 0.93050851, 0.93271888, 0.98849742, 0.96573146],\n",
       "       [0.97093658, 0.91704055, 0.92200703, 0.        , 0.96497517, 0.9220337 , 0.908103  , 0.95650286, 0.93665893, 0.98056842],\n",
       "       [0.96768786, 0.90933245, 0.93668834, 0.96497517, 0.        , 0.93642706, 0.94691295, 0.94553624, 0.94601335, 0.97273198],\n",
       "       [0.96337289, 0.84525128, 0.98117126, 0.9220337 , 0.93642706, 0.        , 0.91153581, 0.92337327, 0.98327974, 0.95463681],\n",
       "       [0.93538958, 0.96345051, 0.93050851, 0.908103  , 0.94691295, 0.91153581, 0.        , 0.90895043, 0.92991648, 0.92981292],\n",
       "       [0.96124215, 0.87529354, 0.93271888, 0.95650286, 0.94553624, 0.92337327, 0.90895043, 0.        , 0.95978095, 0.97088111],\n",
       "       [0.97541084, 0.86546436, 0.98849742, 0.93665893, 0.94601335, 0.98327974, 0.92991648, 0.95978095, 0.        , 0.97393941],\n",
       "       [0.98972554, 0.89447089, 0.96573146, 0.98056842, 0.97273198, 0.95463681, 0.92981292, 0.97088111, 0.97393941, 0.        ]])"
      ]
     },
     "execution_count": 113,
     "metadata": {},
     "output_type": "execute_result"
    }
   ],
   "source": [
    "sim_mat"
   ]
  },
  {
   "cell_type": "markdown",
   "id": "d85a2596",
   "metadata": {},
   "source": [
    "# For every person find most similar buddy"
   ]
  },
  {
   "cell_type": "code",
   "execution_count": 115,
   "id": "8b281541",
   "metadata": {},
   "outputs": [
    {
     "data": {
      "text/plain": [
       "array([9, 6, 8, 9, 9, 8, 1, 9, 2, 0])"
      ]
     },
     "execution_count": 115,
     "metadata": {},
     "output_type": "execute_result"
    }
   ],
   "source": [
    "bud_idx = sim_mat.argmax(axis=1)\n",
    "bud_idx"
   ]
  },
  {
   "cell_type": "code",
   "execution_count": 123,
   "id": "19794fd4",
   "metadata": {},
   "outputs": [],
   "source": [
    "p = df.index"
   ]
  },
  {
   "cell_type": "code",
   "execution_count": 124,
   "id": "73f80dd9",
   "metadata": {},
   "outputs": [],
   "source": [
    "buddy = df.index[[9, 6, 8, 9, 9, 8, 1, 9, 2, 0]]"
   ]
  },
  {
   "cell_type": "code",
   "execution_count": 126,
   "id": "bc931619",
   "metadata": {},
   "outputs": [
    {
     "data": {
      "text/plain": [
       "[('Sandeep Giri', 'Anubhav'),\n",
       " ('GK', 'Supriya '),\n",
       " ('sneha', 'Simar'),\n",
       " ('Deep', 'Anubhav'),\n",
       " ('Tanya', 'Anubhav'),\n",
       " ('Nigam', 'Simar'),\n",
       " ('Supriya ', 'GK'),\n",
       " ('Indu', 'Anubhav'),\n",
       " ('Simar', 'sneha'),\n",
       " ('Anubhav', 'Sandeep Giri')]"
      ]
     },
     "execution_count": 126,
     "metadata": {},
     "output_type": "execute_result"
    }
   ],
   "source": [
    "list(zip(p, buddy))"
   ]
  },
  {
   "cell_type": "code",
   "execution_count": 128,
   "id": "b4f6499d",
   "metadata": {},
   "outputs": [
    {
     "name": "stdout",
     "output_type": "stream",
     "text": [
      "[('Sandeep Giri', 'Anubhav'), ('GK', 'Supriya '), ('sneha', 'Simar'), ('Deep', 'Anubhav'), ('Tanya', 'Anubhav'), ('Nigam', 'Simar'), ('Supriya ', 'GK'), ('Indu', 'Anubhav'), ('Simar', 'sneha'), ('Anubhav', 'Sandeep Giri')]\n"
     ]
    },
    {
     "name": "stderr",
     "output_type": "stream",
     "text": [
      "/var/folders/xg/0b5tly_55_v3g39k5qx0jc580000gn/T/ipykernel_54119/4288156565.py:15: RuntimeWarning: divide by zero encountered in matmul\n",
      "  sim_mat = udata @ udata.T\n",
      "/var/folders/xg/0b5tly_55_v3g39k5qx0jc580000gn/T/ipykernel_54119/4288156565.py:15: RuntimeWarning: overflow encountered in matmul\n",
      "  sim_mat = udata @ udata.T\n",
      "/var/folders/xg/0b5tly_55_v3g39k5qx0jc580000gn/T/ipykernel_54119/4288156565.py:15: RuntimeWarning: invalid value encountered in matmul\n",
      "  sim_mat = udata @ udata.T\n"
     ]
    }
   ],
   "source": [
    "import pandas as pd\n",
    "import numpy as np\n",
    "np.set_printoptions(linewidth=1000)\n",
    "\n",
    "df = pd.read_csv('movie_reviews.csv', index_col=0)\n",
    "data = df.to_numpy()\n",
    "\n",
    "def to_uv(v, axis):\n",
    "    vnorm = np.linalg.norm(v, axis=axis)\n",
    "    vnorm = vnorm.reshape(-1, 1)\n",
    "    return v / vnorm\n",
    "\n",
    "udata = to_uv(data, axis = 1)\n",
    "\n",
    "sim_mat = udata @ udata.T\n",
    "# For every person find most similar buddy\n",
    "bud_idx = sim_mat.argmax(axis=1)\n",
    "buddy = df.index[[9, 6, 8, 9, 9, 8, 1, 9, 2, 0]]\n",
    "p = df.index\n",
    "print(list(zip(p, buddy)))\n"
   ]
  },
  {
   "cell_type": "raw",
   "id": "801d3207",
   "metadata": {
    "vscode": {
     "languageId": "raw"
    }
   },
   "source": [
    "# Exercises\n",
    "\n",
    "# find out top 5 people for every person who are to similar\n",
    "# then find their top 5 favorite movies. consolidate those movies and remove the movies already watched by person\n",
    "# neat recommendations\n",
    "\n",
    "\n",
    "# Q: Prepare similarity matrix wrt each movie similar to user <> similarity we are preparing product <> product\n",
    "\n"
   ]
  },
  {
   "cell_type": "code",
   "execution_count": null,
   "id": "aefb7e52",
   "metadata": {},
   "outputs": [],
   "source": [
    "# We convert every product and every user into a vector -> \n",
    "# Some characterstics -> age, location etc\n",
    "# Their behaviour characters: their spendings habits...\n",
    "# their description -> llm -> embeddings \n"
   ]
  },
  {
   "cell_type": "code",
   "execution_count": null,
   "id": "1c3206f2",
   "metadata": {},
   "outputs": [],
   "source": [
    "# Problem: Scale\n",
    "# 10 million users -> 10,000 products.\n",
    "\n",
    "# 10**3 * 10**6 * 10** 6 => 10**15\n",
    "\n",
    "# Reduce the operations over by optimization such sharding.\n",
    "# *Use the PCA  or other dimensionality reduction technique to make vector smaller*\n",
    "# MLLib by Apache Spark\n",
    "# GPUs\n"
   ]
  },
  {
   "cell_type": "code",
   "execution_count": 129,
   "id": "2226f422",
   "metadata": {},
   "outputs": [],
   "source": [
    "# Problem: Code Start\n",
    "\n",
    "# Can I find the similarity of a movie which is newly released?\n",
    "# We need more characterstics of moview instead of just ratings by people\n",
    "\n",
    "# Can a new user get any recommendations?\n",
    "# Solution: top k movies in that region.\n",
    "# \n",
    "# 0. Server -> regex -> product <> user data\n",
    "# 1. Top k products\n",
    "# 2. prepare the recormmendation for frequent users\n",
    "# 3. Model based\n"
   ]
  },
  {
   "cell_type": "raw",
   "id": "32e5ff95",
   "metadata": {
    "vscode": {
     "languageId": "raw"
    }
   },
   "source": [
    "# If a new movie is added\n",
    "movie -> cast \n",
    "movie -> description -> embeddings \n",
    "movie -> genere, language, month, year, duration"
   ]
  },
  {
   "cell_type": "raw",
   "id": "8302d223",
   "metadata": {
    "vscode": {
     "languageId": "raw"
    }
   },
   "source": [
    "# https://spark.apache.org/docs/latest/ml-collaborative-filtering.html\n",
    "# Databricks"
   ]
  }
 ],
 "metadata": {
  "kernelspec": {
   "display_name": ".venv",
   "language": "python",
   "name": "python3"
  },
  "language_info": {
   "codemirror_mode": {
    "name": "ipython",
    "version": 3
   },
   "file_extension": ".py",
   "mimetype": "text/x-python",
   "name": "python",
   "nbconvert_exporter": "python",
   "pygments_lexer": "ipython3",
   "version": "3.9.6"
  }
 },
 "nbformat": 4,
 "nbformat_minor": 5
}
